Most popular names for babies in the U.S.

Liam	19837	1	18798	1	18218	2
Noah	18267	2	18410	2	19117	1
William	14516	3	14967	3	15761	3
James	13525	4	14291	4	14862	5
Oliver	13389	5	13193	9	13037	12
Benjamin	13381	6	13797	6	14641	6
Elijah	12886	7	13344	8	13902	9
Lucas	12585	8	12996	11	12881	14
Mason	12435	9	13549	7	15244	4
Logan	12352	10	14014	5	11244	18
Alexander	11989	11	12519	13	13408	11
Ethan	11854	12	12439	14	13819	10
Jacob	11770	13	13178	10	14510	7
Michael	11620	14	12639	12	14088	8
Daniel	11173	15	11691	15	12944	13
Henry	10649	16	10461	18	10374	22
Jackson	10323	17	10399	20	11284	17
Sebastian	10054	18	10172	23	10286	24
Aiden	9979	19	11303	17	12228	16
Matthew	9924	20	11671	16	12621	15
Samuel	9734	21	10395	21	10576	21
David	9697	22	10187	22	11110	19
Joseph	9555	23	10437	19	10918	20
Carter	9312	24	9787	24	10185	26
Owen	9288	25	9338	28	10294	23
Wyatt	9127	26	9688	25	9561	33
John	9119	27	9486	27	10013	28
Jack	8834	28	8454	35	8413	38
Luke	8577	29	9195	30	9984	29
Jayden	8553	30	9534	26	10121	27
Dylan	8549	31	9295	29	9694	32
Grayson	8538	32	8679	34	8673	37
Levi	8440	33	8418	37	8078	42
Isaac	8417	34	8851	32	9742	31
Gabriel	8335	35	9131	31	10229	25
Julian	8307	36	8422	36	8374	39
Mateo	8169	37	7757	42	6549	59
Anthony	8003	38	8833	33	9865	30
Jaxon	7701	39	7673	44	8114	41
Lincoln	7368	40	8179	41	7115	50
Joshua	7364	41	8284	39	9204	35
Christopher	7261	42	8285	38	9066	36
Andrew	7234	43	8251	40	9390	34
Theodore	7020	44	5950	60	4899	82
Caleb	6929	45	7125	49	7958	44
Ryan	6905	46	7674	43	8240	40
Asher	6802	47	6030	58	5502	71
Nathan	6790	48	7418	45	7981	43
Thomas	6779	49	7162	48	7348	48
Leo	6719	50	5950	60	5287	74
Isaiah	6614	51	7212	46	7519	47
Charles	6604	52	7162	48	7107	51
Josiah	6603	53	7016	50	6983	55
Hudson	6540	54	5781	62	6120	61
Christian	6509	55	6996	51	7633	46
Hunter	6066	56	6722	52	7651	45
Connor	6058	57	6404	55	7025	54
Eli	6027	58	6601	53	7100	52
Ezra	6000	59	5320	67	4865	84
Aaron	5953	60	7196	47	7157	49
Landon	5827	61	6343	56	7029	53
Adrian	5788	62	6219	57	6330	60
Jonathan	5712	63	6503	54	6957	56
Nolan	5607	64	5389	65	5626	67
Jeremiah	5561	65	5840	61	6583	58
Easton	5429	66	5502	64	5636	65
Elias	5310	67	4912	76	4478	93
Colton	5284	68	5278	68	5606	68
Cameron	5271	69	5954	59	6841	57
Carson	5227	70	4740	81	4918	81
Robert	5140	71	5528	63	5989	62
Angel	5032	72	5257	69	5544	70
Maverick	5014	73	4720	83	2954	139
Nicholas	4801	74	5348	66	5747	63
Dominic	4753	75	5094	72	5419	72
Jaxson	4734	76	4838	77	4898	83
Greyson	4728	77	4835	78	4315	96
Adam	4675	78	4919	75	5200	75
Ian	4675	78	5018	74	5070	78
Austin	4651	79	5039	73	5353	73
Santiago	4647	80	4197	91	3715	106
Jordan	4646	81	5132	71	5632	66
Cooper	4441	82	4604	86	4970	79
Brayden	4383	83	5155	70	5719	64
Roman	4364	84	4265	89	4210	98
Evan	4356	85	4721	82	5605	69
Ezekiel	4319	86	4742	80	3376	121
Xavier	4298	87	4489	87	4599	88
Jose	4292	88	4793	79	5113	77
Jace	4276	89	4631	85	5193	76
Jameson	4221	90	3922	98	3273	128
Leonardo	4205	91	4125	95	4321	95
Bryson	4194	92	4652	84	4353	94
Axel	4055	93	3778	102	3459	116
Everett	4001	94	3776	103	3508	114
Parker	3978	95	4364	88	4715	87
Kayden	3972	96	3984	96	4013	101
Miles	3964	97	3621	108	3735	105
Sawyer	3858	98	4162	93	4237	97
Jason	3847	99	4241	90	4862	85
Declan	3792	100	3462	113	3616	109
Weston	3760	101	3645	107	3401	120
Micah	3718	102	3683	105	3482	115
Ayden	3655	103	3945	97	4494	92
Wesley	3609	104	3564	109	3423	117
Luca	3589	105	3082	127	2747	151
Vincent	3552	106	3659	106	3828	104
Damian	3540	107	3334	116	3340	123
Zachary	3528	108	3800	101	4561	89
Silas	3479	109	3319	118	3408	119
Gavin	3449	110	4147	94	4931	80
Chase	3429	111	4168	92	4851	86
Kai	3421	112	3140	124	2884	145
Emmett	3416	113	3158	123	3042	136
Harrison	3394	114	3515	111	3660	107
Nathaniel	3351	115	3516	110	3874	103
Kingston	3330	116	3059	130	3133	132
Cole	3327	117	3460	114	3596	110
Tyler	3298	118	3762	104	4498	91
Bennett	3271	119	3176	121	2940	140
Bentley	3250	120	3808	100	4044	100
Ryker	3223	121	3075	128	2791	148
Tristan	3195	122	3290	119	3626	108
Brandon	3183	123	3486	112	4090	99
Kevin	3124	124	3818	99	4545	90
Luis	3084	125	3382	115	3554	113
George	3059	126	3161	122	3303	125
Ashton	3035	127	2944	134	3095	133
Rowan	3020	128	2841	136	2190	180
Braxton	2991	129	3330	117	3298	126
Ryder	2984	130	3252	120	3878	102
Gael	2922	131	2236	174	2247	176
Ivan	2897	132	3036	131	3158	131
Diego	2880	133	3095	126	3194	130
Maxwell	2876	134	3069	129	3578	111
Max	2857	135	3134	125	3416	118
Carlos	2839	136	3069	129	3198	129
Kaiden	2832	137	2811	137	2888	144
Juan	2826	138	2991	133	3342	122
Maddox	2797	139	3032	132	2901	143
Justin	2787	140	3134	125	3558	112
Waylon	2774	141	2420	158	2053	194
Calvin	2747	142	2698	142	2790	149
Giovanni	2747	142	2793	138	2928	141
Jonah	2697	143	2508	151	2766	150
Abel	2663	144	2699	141	3031	137
Jayce	2635	145	2898	135	2964	138
Jesus	2631	146	2745	140	3073	134
Amir	2584	147	2611	146	2436	164
King	2579	148	2677	143	2655	153
Beau	2576	149	2500	153	2119	186
Camden	2543	150	2660	144	3338	124
Alex	2505	151	2592	147	2841	146
Jasper	2484	152	2101	180	1907	207
Malachi	2473	153	2525	149	2618	155
Brody	2470	154	2547	148	3051	135
Jude	2468	155	2507	152	2516	160
Blake	2446	156	2613	145	3281	127
Emmanuel	2404	157	2511	150	2569	158
Eric	2389	158	2764	139	2920	142
Brooks	2368	159	1929	199	1669	231
Elliot	2358	160	2428	157	2236	178
Antonio	2352	161	2476	154	2555	159
Abraham	2344	162	2321	165	2579	157
Timothy	2330	163	2405	159	2658	152
Finn	2316	164	2377	163	2293	173
Rhett	2304	165	2197	176	1767	218
Elliott	2286	166	2435	156	2091	190
Edward	2268	167	2315	166	2503	162
August	2264	168	2052	186	2086	191
Xander	2257	169	2403	160	2006	199
Alan	2244	170	2440	155	2629	154
Dean	2241	171	2077	183	1963	203
Lorenzo	2241	171	1999	192	1870	208
Bryce	2228	172	2384	162	2839	147
Karter	2226	173	2276	171	2118	187
Victor	2213	174	2400	161	2457	163
Milo	2185	175	1698	219	1509	245
Miguel	2171	176	2272	172	2503	162
Hayden	2168	177	2280	169	2385	167
Graham	2165	178	2108	179	2246	177
Grant	2162	179	2288	168	2349	169
Zion	2153	180	1969	194	1838	211
Tucker	2152	181	2216	175	2305	171
Jesse	2126	182	2087	182	2294	172
Zayden	2126	182	2067	185	2125	183
Joel	2119	183	2255	173	2419	165
Richard	2119	183	2279	170	2515	161
Patrick	2111	184	2295	167	2355	168
Emiliano	2108	185	1872	203	1699	226
Avery	2098	186	2189	177	2117	188
Nicolas	2094	187	1912	201	2078	192
Brantley	2092	188	2323	164	2603	156
Dawson	2089	189	2008	191	1791	214
Myles	2085	190	1801	207	1697	227
Matteo	2084	191	2076	184	2385	167
River	2051	192	1963	195	1845	210
Steven	2022	193	2157	178	2391	166
Thiago	2020	194	1766	212	1369	259
Zane	2014	195	1946	197	1864	209
Matias	2007	196	1560	230	915	348
Judah	1993	197	1913	200	1673	230
Messiah	1983	198	1978	193	1785	216
Jeremy	1955	199	2041	188	2128	182
Preston	1954	200	2067	185	2309	170
Oscar	1945	201	2043	187	2258	174
Kaleb	1906	202	2099	181	2257	175
Alejandro	1895	203	2031	189	2205	179
Marcus	1880	204	2023	190	2174	181
Mark	1859	205	1940	198	2064	193
Peter	1812	206	1791	208	1921	205
Maximus	1803	207	1958	196	2120	185
Barrett	1802	208	1609	228	1387	256
Jax	1751	209	1711	217	1809	213
Andres	1736	210	1752	214	1786	215
Holden	1720	211	1527	236	1356	262
Legend	1718	212	1453	247	1138	301
Charlie	1716	213	1782	209	1707	225
Knox	1698	214	1634	227	1534	243
Kaden	1687	215	1849	204	2028	197
Paxton	1677	216	1904	202	1990	201
Kyrie	1673	217	1776	210	1261	276
Kyle	1668	218	1832	206	2024	198
Griffin	1662	219	1520	237	1694	228
Josue	1658	220	1536	234	1350	263
Kenneth	1655	221	1759	213	1914	206
Beckett	1647	222	1684	221	1836	212
Enzo	1646	223	1426	249	1147	298
Adriel	1642	224	1465	245	1594	238
Arthur	1642	224	1509	240	1342	264
Felix	1638	225	1511	238	1508	246
Bryan	1633	226	1835	205	2124	184
Lukas	1630	227	1730	215	1753	219
Paul	1625	228	1690	220	1935	204
Brian	1618	229	1770	211	1978	202
Colt	1615	230	1330	261	1030	324
Caden	1600	231	1710	218	1991	200
Leon	1595	232	1510	239	1309	268
Archer	1583	233	1455	246	1381	257
Omar	1577	234	1641	224	1733	221
Israel	1574	235	1591	229	1675	229
Aidan	1552	236	1725	216	2108	189
Theo	1541	237	1229	279	950	340
Javier	1539	238	1640	225	1630	234
Remington	1524	239	1501	241	1414	251
Jaden	1487	240	1635	226	1781	217
Bradley	1486	241	1644	223	2046	196
Emilio	1486	241	1393	252	1339	265
Colin	1472	242	1664	222	2049	195
Riley	1455	243	1465	245	1717	223
Cayden	1449	244	1530	235	1552	242
Phoenix	1444	245	1344	258	1234	283
Clayton	1438	246	1486	243	1374	258
Simon	1435	247	1376	254	1553	241
Ace	1434	248	1231	278	1037	322
Nash	1399	249	1280	272	1257	277
Derek	1398	250	1543	233	1710	224
Rafael	1393	251	1280	272	1238	282
Zander	1383	252	1554	231	1387	256
Brady	1377	253	1684	221	1750	220
Jorge	1377	253	1548	232	1722	222
Jake	1372	254	1498	242	1581	240
Louis	1368	255	1299	267	1242	280
Damien	1349	256	1346	257	1301	270
Karson	1335	257	1261	275	1099	308
Walker	1332	258	1099	301	1047	318
Maximiliano	1327	259	1196	284	1387	256
Amari	1312	260	1316	266	1358	261
Sean	1310	261	1473	244	1662	232
Chance	1304	262	1337	259	1338	266
Walter	1303	263	1362	256	1168	293
Martin	1286	264	1282	271	1395	254
Finley	1280	265	1292	268	1251	278
Andre	1275	266	1365	255	1394	255
Tobias	1274	267	1331	260	1519	244
Cash	1267	268	1266	274	1443	250
Corbin	1257	269	1418	250	1604	235
Arlo	1256	270	1087	302	973	335
Iker	1254	271	1285	270	1636	233
Erick	1245	272	1432	248	1599	237
Emerson	1238	273	1317	265	1225	286
Gunner	1238	273	1386	253	1450	248
Cody	1237	274	1291	269	1403	252
Stephen	1236	275	1330	261	1374	258
Francisco	1235	276	1401	251	1445	249
Killian	1224	277	1501	241	1381	257
Dallas	1219	278	1393	252	1223	287
Reid	1217	279	1246	277	1395	254
Manuel	1206	280	1325	263	1297	271
Lane	1205	281	1178	287	1229	285
Atlas	1204	282	1041	313	796	377
Rylan	1191	283	1256	276	1399	253
Jensen	1188	284	1003	321	903	350
Ronan	1187	285	1193	285	1109	305
Beckham	1182	286	1269	273	1119	303
Daxton	1176	287	1000	323	923	344
Anderson	1161	288	1198	283	1159	295
Kameron	1155	289	1324	264	1445	249
Raymond	1149	290	1200	282	1272	275
Orion	1141	291	1022	318	1068	314
Cristian	1137	292	1181	286	1212	288
Tanner	1134	293	1327	262	1602	236
Kyler	1128	294	1065	305	1181	290
Jett	1122	295	1169	289	1115	304
Cohen	1120	296	1099	301	1088	311
Ricardo	1119	297	1164	291	1297	271
Spencer	1101	298	1205	281	1367	260
Gideon	1092	299	1155	292	1026	326
Ali	1089	300	1114	298	1086	312
Fernando	1089	300	1137	294	1244	279
Jaiden	1080	301	1139	293	1232	284
Titus	1076	302	1174	288	1286	274
Travis	1072	303	1164	291	1303	269
Bodhi	1071	304	1165	290	916	347
Eduardo	1066	305	1228	280	1324	267
Dante	1065	306	1075	303	1008	330
Ellis	1058	307	1107	299	999	332
Prince	1058	307	983	329	1008	330
Kane	1048	308	942	336	790	382
Luka	1041	309	703	409	649	440
Kash	1040	310	937	339	903	350
Hendrix	1026	311	963	333	792	380
Desmond	1024	312	1044	311	894	353
Donovan	1021	313	1055	308	1156	296
Mario	1018	314	1135	295	1154	297
Atticus	1016	315	955	334	918	346
Cruz	1011	316	966	332	1013	329
Garrett	1010	317	1056	307	1146	299
Hector	1006	318	1071	304	1097	309
Angelo	1004	319	1023	317	1047	318
Jeffrey	1003	320	1052	310	1169	292
Edwin	1000	321	1032	316	1102	307
Cesar	998	322	1100	300	1159	295
Zayn	996	323	989	327	747	395
Devin	995	324	1034	315	1170	291
Conor	994	325	1129	296	1084	313
Warren	993	326	911	344	825	369
Odin	989	327	899	350	834	366
Jayceon	985	328	1100	300	1473	247
Romeo	977	329	916	342	897	352
Julius	976	330	1002	322	1021	327
Jaylen	971	331	987	328	891	355
Hayes	969	332	762	386	715	407
Kayson	961	333	967	331	851	363
Muhammad	960	334	897	352	958	338
Jaxton	955	335	892	353	795	378
Joaquin	944	336	903	346	997	333
Caiden	942	337	1043	312	1129	302
Dakota	936	338	990	326	868	359
Major	936	338	1036	314	982	334
Keegan	934	339	1116	297	1290	273
Sergio	932	340	940	337	1039	321
Marshall	931	341	936	340	1006	331
Johnny	929	342	968	330	1033	323
Kade	926	343	750	389	777	388
Edgar	921	344	939	338	1013	329
Leonel	921	344	902	347	889	356
Ismael	915	345	811	373	791	381
Marco	915	345	1010	320	1062	316
Tyson	915	345	1053	309	1040	320
Wade	913	346	902	347	788	383
Collin	910	347	991	325	1202	289
Troy	904	348	950	335	1104	306
Nasir	903	349	753	387	675	428
Conner	898	350	1013	319	1144	300
Adonis	892	351	812	372	801	375
Jared	886	352	844	365	832	367
Rory	881	353	858	362	825	369
Andy	877	354	878	358	1059	317
Jase	874	355	1044	311	1592	239
Lennox	872	356	762	386	695	416
Shane	868	357	913	343	1066	315
Malik	865	358	864	360	841	365
Ari	861	359	795	378	747	395
Reed	853	360	858	362	961	337
Seth	851	361	1060	306	1162	294
Clark	850	362	861	361	865	361
Erik	850	362	898	351	943	342
Lawson	849	363	711	404	711	409
Trevor	849	363	904	345	1093	310
Gage	839	364	1036	314	1292	272
Nico	835	365	751	388	609	462
Malakai	831	366	807	374	727	402
Quinn	828	367	900	349	1047	318
Cade	825	368	695	412	780	387
Johnathan	825	368	934	341	1020	328
Sullivan	816	369	795	378	781	386
Solomon	811	370	874	359	901	351
Cyrus	807	371	731	396	729	401
Fabian	804	372	821	368	867	360
Pedro	804	372	811	373	877	357
Frank	803	373	887	355	957	339
Shawn	802	374	825	367	944	341
Malcolm	799	375	813	371	781	386
Khalil	796	376	732	395	693	418
Nehemiah	795	377	885	356	921	345
Dalton	792	378	890	354	1045	319
Mathias	792	378	660	420	598	467
Jay	790	379	848	364	807	374
Ibrahim	789	380	815	369	816	372
Peyton	787	381	996	324	1241	281
Winston	787	381	781	383	648	441
Kason	785	382	806	375	876	358
Zayne	785	382	848	364	691	419
Noel	784	383	832	366	846	364
Princeton	784	383	786	381	772	390
Matthias	780	384	655	423	609	462
Gregory	778	385	887	355	921	345
Sterling	777	386	711	404	665	431
Dominick	775	387	901	348	1028	325
Elian	770	388	478	501	450	538
Grady	764	389	884	357	938	343
Russell	764	389	785	382	784	385
Finnegan	763	390	762	386	815	373
Ruben	750	391	746	391	798	376
Gianni	745	392	532	476	448	539
Porter	745	392	802	377	745	396
Kendrick	744	393	775	385	827	368
Leland	744	393	814	370	757	394
Pablo	742	394	698	411	790	382
Allen	733	395	789	380	892	354
Hugo	726	396	746	391	721	404
Raiden	725	397	793
